faceanim:3
16
0.332500
0.334900
0.513323
0.512029
0.433750
0.567233
0.413510
0.585900
Expression00
0.000000
1 0.417687 0.324281 -0.010000 0.010000 0.830292 0.821923 0.000000
1 0.577518 0.324281 0.010000 0.010500 0.830292 0.821923 0.000000
1 0.448857 0.400308 -0.006000 0.000000 0.432331 0.328770 0.000000
1 0.546144 0.398254 0.006000 0.000000 0.431899 0.328770 0.000000
0 0.442596 0.324281 0.000000 0.000000 0.830292 0.821923 0.000000
0 0.608654 0.324281 0.000000 0.000000 0.830292 0.821923 0.000000
0 0.442596 0.324281 0.000000 0.000000 0.830292 0.821923 0.000000
0 0.608654 0.324281 0.000000 0.000000 0.830292 0.821923 0.000000
0 0.298195 0.488666 0.000000 0.000000 0.898757 0.821923 0.000000
0 0.747579 0.488666 0.000000 0.000000 0.898757 0.821923 0.000000
0 0.298195 0.488666 0.000000 0.000000 0.898757 0.821923 0.000000
0 0.747579 0.488666 0.000000 0.000000 0.898757 0.821923 0.000000
0 0.298195 0.488666 0.000000 0.000000 0.898757 0.821923 0.000000
0 0.747579 0.488666 0.000000 0.000000 0.898757 0.821923 0.000000
0 0.298195 0.488666 0.000000 0.000000 0.898757 0.821923 0.000000
0 0.747579 0.488666 0.000000 0.000000 0.898757 0.821923 0.000000
Expression01
0.000000
1 0.467889 0.316062 0.015000 -0.005000 0.826246 0.821923 0.000000
1 0.542251 0.316062 -0.010000 -0.005000 0.826246 0.821923 0.000000
0 0.442596 0.324281 0.000000 0.000000 0.830292 0.821923 0.000000
0 0.608654 0.324281 0.000000 0.000000 0.830292 0.821923 0.000000
0 0.442596 0.324281 0.000000 0.000000 0.830292 0.821923 0.000000
0 0.608654 0.324281 0.000000 0.000000 0.830292 0.821923 0.000000
0 0.442596 0.324281 0.000000 0.000000 0.830292 0.821923 0.000000
0 0.608654 0.324281 0.000000 0.000000 0.830292 0.821923 0.000000
0 0.298195 0.488666 0.000000 0.000000 0.898757 0.821923 0.000000
0 0.747579 0.488666 0.000000 0.000000 0.898757 0.821923 0.000000
0 0.298195 0.488666 0.000000 0.000000 0.898757 0.821923 0.000000
0 0.747579 0.488666 0.000000 0.000000 0.898757 0.821923 0.000000
0 0.298195 0.488666 0.000000 0.000000 0.898757 0.821923 0.000000
0 0.747579 0.488666 0.000000 0.000000 0.898757 0.821923 0.000000
0 0.298195 0.488666 0.000000 0.000000 0.898757 0.821923 0.000000
0 0.747579 0.488666 0.000000 0.000000 0.898757 0.821923 0.000000
Expression02
0.000000
1 0.400228 0.579077 0.000000 0.012500 0.928496 0.821923 0.000000
1 0.585919 0.587296 0.000000 0.013000 0.930980 0.821923 0.000000
0 0.442596 0.324281 0.000000 0.000000 0.830292 0.821923 0.000000
0 0.608654 0.324281 0.000000 0.000000 0.830292 0.821923 0.000000
0 0.442596 0.324281 0.000000 0.000000 0.830292 0.821923 0.000000
0 0.608654 0.324281 0.000000 0.000000 0.830292 0.821923 0.000000
0 0.442596 0.324281 0.000000 0.000000 0.830292 0.821923 0.000000
0 0.608654 0.324281 0.000000 0.000000 0.830292 0.821923 0.000000
0 0.298195 0.488666 0.000000 0.000000 0.898757 0.821923 0.000000
0 0.747579 0.488666 0.000000 0.000000 0.898757 0.821923 0.000000
0 0.298195 0.488666 0.000000 0.000000 0.898757 0.821923 0.000000
0 0.747579 0.488666 0.000000 0.000000 0.898757 0.821923 0.000000
0 0.298195 0.488666 0.000000 0.000000 0.898757 0.821923 0.000000
0 0.747579 0.488666 0.000000 0.000000 0.898757 0.821923 0.000000
0 0.298195 0.488666 0.000000 0.000000 0.898757 0.821923 0.000000
0 0.747579 0.488666 0.000000 0.000000 0.898757 0.821923 0.000000
Expression03
0.000000
1 0.382971 0.439350 0.002500 0.017500 0.880426 0.821923 0.000000
1 0.611879 0.439350 -0.005000 0.018000 0.880426 0.821923 0.000000
0 0.442596 0.324281 0.000000 0.000000 0.830292 0.821923 0.000000
0 0.608654 0.324281 0.000000 0.000000 0.830292 0.821923 0.000000
0 0.442596 0.324281 0.000000 0.000000 0.830292 0.821923 0.000000
0 0.608654 0.324281 0.000000 0.000000 0.830292 0.821923 0.000000
0 0.442596 0.324281 0.000000 0.000000 0.830292 0.821923 0.000000
0 0.608654 0.324281 0.000000 0.000000 0.830292 0.821923 0.000000
0 0.298195 0.488666 0.000000 0.000000 0.898757 0.821923 0.000000
0 0.747579 0.488666 0.000000 0.000000 0.898757 0.821923 0.000000
0 0.298195 0.488666 0.000000 0.000000 0.898757 0.821923 0.000000
0 0.747579 0.488666 0.000000 0.000000 0.898757 0.821923 0.000000
0 0.298195 0.488666 0.000000 0.000000 0.898757 0.821923 0.000000
0 0.747579 0.488666 0.000000 0.000000 0.898757 0.821923 0.000000
0 0.298195 0.488666 0.000000 0.000000 0.898757 0.821923 0.000000
0 0.747579 0.488666 0.000000 0.000000 0.898757 0.821923 0.000000
Expression04
0.000000
0 0.408482 0.168115 -0.007500 -0.007500 0.739181 0.554186 0.000000
1 0.501069 0.168115 0.000000 0.012500 0.739181 0.554186 0.000000
1 0.276132 0.091556 0.000000 0.010000 1.831608 1.707515 0.000000
1 0.707752 0.091556 0.000000 0.010000 1.831608 1.707515 0.000000
0 0.442596 0.324281 0.000000 0.000000 0.830292 0.821923 0.000000
0 0.608654 0.324281 0.000000 0.000000 0.830292 0.821923 0.000000
0 0.442596 0.324281 0.000000 0.000000 0.830292 0.821923 0.000000
0 0.608654 0.324281 0.000000 0.000000 0.830292 0.821923 0.000000
0 0.298195 0.488666 0.000000 0.000000 0.898757 0.821923 0.000000
0 0.747579 0.488666 0.000000 0.000000 0.898757 0.821923 0.000000
0 0.298195 0.488666 0.000000 0.000000 0.898757 0.821923 0.000000
0 0.747579 0.488666 0.000000 0.000000 0.898757 0.821923 0.000000
0 0.298195 0.488666 0.000000 0.000000 0.898757 0.821923 0.000000
0 0.747579 0.488666 0.000000 0.000000 0.898757 0.821923 0.000000
0 0.298195 0.488666 0.000000 0.000000 0.898757 0.821923 0.000000
0 0.747579 0.488666 0.000000 0.000000 0.898757 0.821923 0.000000
Expression05
-0.010000
1 0.393907 0.359213 -0.007500 0.005000 1.016086 1.315077 20.000000
1 0.607523 0.353048 0.005000 0.005000 1.012705 1.315077 -20.000000
1 0.454691 0.258527 0.000000 0.000000 1.352905 0.904115 -70.000000
1 0.558149 0.258527 0.000000 0.000500 1.352905 0.904115 70.000000
2 0.476495 0.307843 -0.020000 0.010000 0.657704 0.904115 0.000000
2 0.517602 0.307843 0.020000 0.015000 0.657704 0.904115 0.000000
3 0.487977 0.332500 -0.012500 -0.012500 0.583988 0.657538 -50.000000
3 0.508834 0.332500 0.020000 -0.005000 0.583988 0.657538 50.000000
0 0.323756 0.283184 0.000000 0.000000 0.809336 0.821923 0.000000
0 0.728424 0.283184 0.000000 0.000000 0.809336 0.821923 0.000000
0 0.323756 0.283184 0.000000 0.000000 0.809336 0.821923 0.000000
0 0.728424 0.283184 0.000000 0.000000 0.809336 0.821923 0.000000
0 0.323756 0.283184 0.000000 0.000000 0.809336 0.821923 0.000000
0 0.728424 0.283184 0.000000 0.000000 0.809336 0.821923 0.000000
0 0.323756 0.283184 0.000000 0.000000 0.809336 0.821923 0.000000
0 0.728424 0.283184 0.000000 0.000000 0.809336 0.821923 0.000000
Expression06
-0.050000
1 0.405404 0.322226 0.005000 -0.002500 0.580501 0.575346 -50.000000
1 0.598275 0.324281 -0.007500 0.000000 0.581204 0.575346 50.000000
1 0.454691 0.258527 0.010000 -0.012500 1.352905 0.904115 -70.000000
1 0.558149 0.258527 -0.010000 -0.014500 1.352905 0.904115 70.000000
2 0.494552 0.322226 -0.005000 0.007500 0.414643 0.739730 30.000000
2 0.504918 0.322226 0.002500 0.007500 0.414643 0.739730 -30.000000
3 0.486992 0.301678 -0.005000 -0.005000 0.655195 0.739730 -50.000000
3 0.509514 0.301678 0.010000 -0.005000 0.655195 0.739730 50.000000
0 0.323756 0.283184 0.000000 0.000000 0.809336 0.821923 0.000000
0 0.728424 0.283184 0.000000 0.000000 0.809336 0.821923 0.000000
0 0.323756 0.283184 0.000000 0.000000 0.809336 0.821923 0.000000
0 0.728424 0.283184 0.000000 0.000000 0.809336 0.821923 0.000000
0 0.323756 0.283184 0.000000 0.000000 0.809336 0.821923 0.000000
0 0.728424 0.283184 0.000000 0.000000 0.809336 0.821923 0.000000
0 0.323756 0.283184 0.000000 0.000000 0.809336 0.821923 0.000000
0 0.728424 0.283184 0.000000 0.000000 0.809336 0.821923 0.000000
Expression07
-0.080000
1 0.389138 0.365377 0.000000 0.012500 1.019425 1.315077 30.000000
1 0.609889 0.361267 0.000000 0.017500 1.017204 1.315077 -30.000000
1 0.453847 0.272911 0.007500 -0.025000 1.366447 0.904115 -70.000000
1 0.556354 0.274965 -0.005000 -0.027000 1.368346 0.904115 70.000000
2 0.472385 0.307843 -0.020000 0.015000 0.657704 0.821923 110.000000
2 0.519657 0.307843 0.020000 0.017500 0.657704 0.821923 -110.000000
3 0.489906 0.332500 -0.015000 -0.007500 0.667415 0.739730 -80.000000
3 0.508834 0.332500 0.022500 -0.010000 0.667415 0.739730 80.000000
0 0.323756 0.283184 0.000000 0.000000 0.809336 0.821923 0.000000
0 0.728424 0.283184 0.000000 0.000000 0.809336 0.821923 0.000000
0 0.323756 0.283184 0.000000 0.000000 0.809336 0.821923 0.000000
0 0.728424 0.283184 0.000000 0.000000 0.809336 0.821923 0.000000
0 0.323756 0.283184 0.000000 0.000000 0.809336 0.821923 0.000000
0 0.728424 0.283184 0.000000 0.000000 0.809336 0.821923 0.000000
0 0.323756 0.283184 0.000000 0.000000 0.809336 0.821923 0.000000
0 0.728424 0.283184 0.000000 0.000000 0.809336 0.821923 0.000000
Expression08
-0.060000
1 0.389138 0.365377 -0.020000 0.035000 1.104377 1.397269 20.000000
1 0.610256 0.373596 0.020000 0.032500 1.109131 1.397269 -20.000000
1 0.454691 0.258527 0.007500 -0.020000 1.352905 0.904115 -70.000000
1 0.558149 0.258527 -0.007500 -0.022000 1.352905 0.904115 70.000000
2 0.476495 0.307843 -0.020000 0.015000 0.657704 0.821923 -30.000000
2 0.517602 0.307843 0.020000 0.015000 0.657704 0.821923 30.000000
3 0.487977 0.332500 -0.022500 -0.007500 0.667415 0.739730 -50.000000
3 0.508834 0.332500 0.022500 -0.010000 0.667415 0.739730 50.000000
1 0.407767 0.496885 0.000000 0.012500 0.901656 0.328770 0.000000
1 0.590299 0.488666 0.000000 0.012500 0.898757 0.328770 0.000000
1 0.364402 0.531817 0.005000 -0.005000 0.456767 0.328770 -40.000000
1 0.631425 0.521542 -0.005000 -0.002500 0.455059 0.328770 40.000000
1 0.361326 0.513323 -0.005000 -0.002500 0.907342 0.821923 0.000000
1 0.635575 0.503049 0.005000 -0.002500 0.903803 0.821923 0.000000
1 0.448857 0.400308 -0.010000 0.000000 0.432331 0.328770 0.000000
1 0.546144 0.398254 0.010000 0.000000 0.431899 0.328770 0.000000
Expression09
0.000000
1 0.434478 0.583288 0.002461 0.013594 0.915538 0.821923 0.000000
1 0.565969 0.583155 -0.005117 0.016641 0.907401 0.821923 0.000000
1 0.391287 0.588961 0.005859 -0.007813 0.893987 0.537935 0.000000
1 0.607056 0.592983 0.000000 -0.007813 0.877605 0.531499 0.000000
1 0.462159 0.563217 -0.001953 0.014648 0.593977 0.496906 0.000000
1 0.536712 0.565631 0.002930 0.011719 0.536323 0.508973 0.000000
1 0.401548 0.444955 0.000000 0.031250 0.871761 0.821923 0.000000
1 0.596058 0.436106 -0.003906 0.027344 0.869071 0.821923 0.000000
1 0.452595 0.323744 -0.013672 0.014648 0.843585 0.821923 0.000000
1 0.547950 0.323744 0.008789 0.008789 0.843585 0.821923 0.000000
2 0.476493 0.339029 -0.003906 0.022461 0.408966 0.671482 0.000000
2 0.510578 0.342247 0.006836 0.015195 0.413344 0.633670 0.000000
1 0.497821 0.404997 0.000000 0.012695 0.873176 0.821923 0.000000
0 0.747579 0.488666 0.000000 0.000000 0.898757 0.821923 0.000000
0 0.298195 0.488666 0.000000 0.000000 0.898757 0.821923 0.000000
0 0.747579 0.488666 0.000000 0.000000 0.898757 0.821923 0.000000
Expression10
0.000000
1 0.502022 0.274965 0.000000 0.022500 0.804905 0.821923 0.000000
1 0.499808 0.357157 0.000000 -0.007000 0.845802 0.821923 0.000000
0 0.442596 0.324281 0.000000 0.000000 0.830292 0.821923 0.000000
0 0.608654 0.324281 0.000000 0.000000 0.830292 0.821923 0.000000
0 0.442596 0.324281 0.000000 0.000000 0.830292 0.821923 0.000000
0 0.608654 0.324281 0.000000 0.000000 0.830292 0.821923 0.000000
0 0.442596 0.324281 0.000000 0.000000 0.830292 0.821923 0.000000
0 0.608654 0.324281 0.000000 0.000000 0.830292 0.821923 0.000000
0 0.298195 0.488666 0.000000 0.000000 0.898757 0.821923 0.000000
0 0.747579 0.488666 0.000000 0.000000 0.898757 0.821923 0.000000
0 0.298195 0.488666 0.000000 0.000000 0.898757 0.821923 0.000000
0 0.747579 0.488666 0.000000 0.000000 0.898757 0.821923 0.000000
0 0.298195 0.488666 0.000000 0.000000 0.898757 0.821923 0.000000
0 0.747579 0.488666 0.000000 0.000000 0.898757 0.821923 0.000000
0 0.298195 0.488666 0.000000 0.000000 0.898757 0.821923 0.000000
0 0.747579 0.488666 0.000000 0.000000 0.898757 0.821923 0.000000
Expression11
-0.060000
1 0.408966 0.450224 -0.000738 0.022201 0.868885 0.603586 0.000000
1 0.593725 0.454661 -0.011241 0.042057 0.870195 0.603586 0.000000
1 0.452155 0.593763 0.005000 -0.032496 0.601026 0.875185 -115.000000
1 0.540484 0.595520 0.002813 -0.031428 0.601289 0.875185 115.000000
1 0.412770 0.518955 0.004766 -0.012265 0.423919 0.237375 0.000000
1 0.585373 0.528077 -0.003790 -0.015195 0.425038 0.237375 0.000000
1 0.461337 0.393872 -0.009783 0.015256 0.431250 0.328770 0.000000
1 0.529911 0.400667 0.011280 0.012891 0.432303 0.328770 0.000000
2 0.476482 0.340549 -0.008789 0.017666 0.349048 0.449762 25.000000
2 0.523411 0.339745 0.005860 0.016233 0.348921 0.449762 -25.000000
3 0.498375 0.325353 0.000977 -0.022461 0.601653 0.481620 0.000000
1 0.498301 0.267428 0.001953 -0.014280 1.211789 0.778480 0.000000
2 0.501423 0.336616 -0.000412 0.018815 0.537610 0.441878 0.000000
1 0.496279 0.386333 0.000151 0.010742 0.628565 0.153868 0.000000
0 0.298195 0.488666 0.000000 0.000000 0.898757 0.821923 0.000000
0 0.747579 0.488666 0.000000 0.000000 0.898757 0.821923 0.000000
Expression12
0.000000
1 0.389138 0.365377 -0.020000 0.035000 1.019425 1.315077 20.000000
1 0.610256 0.373596 0.020000 0.030000 1.023814 1.315077 -20.000000
0 0.442596 0.324281 0.000000 0.000000 0.830292 0.821923 0.000000
0 0.608654 0.324281 0.000000 0.000000 0.830292 0.821923 0.000000
2 0.484414 0.316062 -0.017500 0.012500 0.660997 0.821923 -30.000000
2 0.517464 0.316062 0.020000 0.012500 0.660997 0.821923 30.000000
3 0.467504 0.324281 -0.005000 -0.005000 0.415146 0.821923 -60.000000
3 0.525625 0.324281 0.005000 -0.002500 0.415146 0.821923 60.000000
0 0.323756 0.283184 0.000000 0.000000 0.809336 0.821923 0.000000
0 0.728424 0.283184 0.000000 0.000000 0.809336 0.821923 0.000000
0 0.323756 0.283184 0.000000 0.000000 0.809336 0.821923 0.000000
0 0.728424 0.283184 0.000000 0.000000 0.809336 0.821923 0.000000
0 0.323756 0.283184 0.000000 0.000000 0.809336 0.821923 0.000000
0 0.728424 0.283184 0.000000 0.000000 0.809336 0.821923 0.000000
0 0.323756 0.283184 0.000000 0.000000 0.809336 0.821923 0.000000
0 0.728424 0.283184 0.000000 0.000000 0.809336 0.821923 0.000000
Expression13
0.000000
1 0.372372 0.535235 -0.005068 -0.012709 0.962714 0.609134 0.000000
1 0.627627 0.535235 0.005068 -0.012709 0.962714 0.609134 0.000000
1 0.401164 0.336079 -0.004001 -0.018327 0.909450 1.017403 -4.645142
1 0.598836 0.336079 0.004001 -0.018327 0.909450 1.017403 4.645142
1 0.481249 0.348693 0.000000 -0.006357 0.455253 0.287015 0.000000
1 0.518751 0.348693 0.000000 -0.006357 0.455253 0.287015 0.000000
1 0.412505 0.554362 -0.001093 -0.005522 0.644413 0.850772 0.000000
1 0.587489 0.554362 0.001093 -0.005522 0.644413 0.850772 0.000000
1 0.350810 0.394742 0.009737 -0.027128 0.782613 1.343517 0.000000
1 0.649190 0.394742 -0.009737 -0.027128 0.782613 1.343517 0.000000
1 0.397369 0.431919 0.001766 -0.018375 1.120076 0.598538 0.000000
1 0.602631 0.431919 -0.001766 -0.018375 1.120076 0.598538 0.000000
1 0.386505 0.783865 0.000000 -0.009230 2.973960 1.673867 0.000000
1 0.613494 0.783865 0.000000 -0.009230 2.973960 1.673867 0.000000
1 0.292447 0.222620 0.029557 -0.011531 1.452242 2.161064 0.000000
1 0.707553 0.222620 -0.029557 -0.011531 1.452242 2.161064 0.000000
Expression14
0.000000
1 0.363380 0.489907 -0.000761 0.003141 0.574273 0.505269 0.000000
1 0.636620 0.489907 0.000761 0.003141 0.574273 0.505269 0.000000
1 0.377280 0.322377 -0.001862 0.010043 1.028283 0.963503 0.000000
1 0.622720 0.322377 0.001862 0.010043 1.028283 0.963503 0.000000
1 0.467166 0.354091 0.000184 0.001940 0.595386 0.329016 -2.508885
1 0.532834 0.354091 -0.000184 0.001940 0.595386 0.329016 2.508881
1 0.404013 0.525464 -0.001075 0.000972 0.640405 0.628725 0.000000
1 0.595987 0.525464 0.001075 0.000972 0.640405 0.628725 0.000000
1 0.311163 0.417963 0.002990 0.004044 1.198283 1.183380 0.000000
1 0.688837 0.417963 -0.002990 0.004044 1.198283 1.183380 0.000000
1 0.340359 0.277606 -0.000189 0.004051 1.363799 1.374045 -29.607723
1 0.659641 0.277606 0.000189 0.004051 1.363799 1.374045 29.607727
1 0.347804 0.310569 0.003209 0.003214 0.878961 1.485633 35.824043
1 0.652196 0.310569 -0.003209 0.003214 0.878961 1.485633 -35.824036
1 0.340068 0.188093 0.009626 0.002139 1.407239 1.239131 0.000000
1 0.659933 0.188093 -0.009626 0.002139 1.407239 1.239131 0.000000
Expression15
0.000000
1 0.585479 0.531699 -0.000567 0.004651 0.699340 0.549452 3.196930
1 0.414517 0.531699 0.000567 0.004651 0.699340 0.549452 -3.196917
1 0.431096 0.527268 0.003735 0.003889 0.729324 0.532257 0.000000
1 0.568904 0.527268 -0.003735 0.003889 0.729324 0.532257 0.000000
1 0.427651 0.514932 0.003385 -0.000351 0.646126 0.571778 0.000000
1 0.572349 0.514932 -0.003385 -0.000351 0.646126 0.571778 0.000000
1 0.425725 0.494440 0.003300 -0.002299 0.641526 0.552495 0.000000
1 0.574275 0.494440 -0.003300 -0.002299 0.641526 0.552495 0.000000
1 0.414873 0.494670 0.000000 -0.004705 0.677283 0.595139 0.000000
1 0.585127 0.494670 0.000000 -0.004705 0.677283 0.595139 0.000000
1 0.394646 0.496419 -0.003154 -0.003107 0.640748 0.596855 0.000000
1 0.605354 0.496419 0.003154 -0.003107 0.640748 0.596855 0.000000
1 0.379294 0.513269 -0.004981 0.002900 0.743373 0.545963 0.000000
1 0.620702 0.513269 0.004981 0.002900 0.743373 0.545963 0.000000
1 0.401054 0.524759 -0.002732 0.002387 0.653570 0.604127 0.000000
1 0.598942 0.524759 0.002732 0.002387 0.653570 0.604127 0.000000
